-11
75
-9
10
000000000000000000000000000000000000000000000000000000000000000000000000000000000000000
000000000000000000000000000000000000000000000000000000000000001111111111111111111111110
000000000000000000000000000000000000000000000000000000000000000000000000000000000011110
000000000000000000000000000000000000000000000000000000000000000000000000000000000011110
000000000000000000000000000000000000000000000000000000000000000000000000000000000011110
000000000000000000000000000000000000000000000000000000000000000000000000000000000011110
000000000000000000000000000000000000000000000000000000000000000000000000000000000011110
000000000000000000000000000000000000000000000000000000000000000000000000000000000011110
000000000000000000000000000000000000000000000000000000000000000000000000000000000011110
000000000000000000000000000000000000000000000000000000000001111110000000000001111111110
000000000000000000000000000000000000000000000000000000000001111110000000000001111111110
000000000000000000000000000000000000000000000000000000000001111110000000000001111111110
000000000000000000000000000000000000000000000111111111111111111110000000000001111111110
111111111111111111110000000000000000000000000111111111111111111110000000000001111111110
111111111111111111110000000000000000000000000111111111111111111110000000000001111111110
111111111111111111110000000000000000000000000111111111111111111111111111111111111111110
111111111111111111110000000000000000000000000111111111111111111111111111111111111111110
111111111111111111110000000000000000000000000111111111111111111111111111111111111111110
000000000000000000000000000000000000000000000111111111111111111111111111111111111111110
000000000000000000000000000000000000000000000000000011111111111111111111111111111111110
